   1       0 ram0 0 0 0 0 0 0 0 0 0 0 0
   1       1 ram1 0 0 0 0 0 0 0 0 0 0 0
   1       2 ram2 0 0 0 0 0 0 0 0 0 0 0
   1       3 ram3 0 0 0 0 0 0 0 0 0 0 0
   1       4 ram4 0 0 0 0 0 0 0 0 0 0 0
   1       5 ram5 0 0 0 0 0 0 0 0 0 0 0
   1       6 ram6 0 0 0 0 0 0 0 0 0 0 0
   1       7 ram7 0 0 0 0 0 0 0 0 0 0 0
   1       8 ram8 0 0 0 0 0 0 0 0 0 0 0
   1       9 ram9 0 0 0 0 0 0 0 0 0 0 0
   1      10 ram10 0 0 0 0 0 0 0 0 0 0 0
   1      11 ram11 0 0 0 0 0 0 0 0 0 0 0
   1      12 ram12 0 0 0 0 0 0 0 0 0 0 0
   1      13 ram13 0 0 0 0 0 0 0 0 0 0 0
   1      14 ram14 0 0 0 0 0 0 0 0 0 0 0
   1      15 ram15 0 0 0 0 0 0 0 0 0 0 0
   7       0 loop0 0 0 0 0 0 0 0 0 0 0 0
   7       1 loop1 0 0 0 0 0 0 0 0 0 0 0
   7       2 loop2 0 0 0 0 0 0 0 0 0 0 0
   7       3 loop3 0 0 0 0 0 0 0 0 0 0 0
   7       4 loop4 0 0 0 0 0 0 0 0 0 0 0
   7       5 loop5 0 0 0 0 0 0 0 0 0 0 0
   7       6 loop6 0 0 0 0 0 0 0 0 0 0 0
   7       7 loop7 0 0 0 0 0 0 0 0 0 0 0
   8       0 sda 25023 1859 1372027 441228 46486 33001 3941842 1083764 0 242868 1525012
   8       1 sda1 102 0 1696 3044 0 0 0 0 0 2840 3044
   8       2 sda2 272 464 5713 5580 2 0 2 0 0 4684 5580
   8       3 sda3 98 0 1664 2332 0 0 0 0 0 2320 2332
   8       4 sda4 96 0 1648 2280 0 0 0 0 0 2268 2280
   8       5 sda5 98 0 1664 388 0 0 0 0 0 380 388
   8       6 sda6 98 0 1664 2552 0 0 0 0 0 2552 2552
   8       7 sda7 98 0 1664 3960 0 0 0 0 0 3884 3960
   8       8 sda8 100 0 1680 4160 0 0 0 0 0 3996 4160
   8       9 sda9 98 0 1912 2280 0 0 0 0 0 2200 2280
   8      10 sda10 23837 1395 1350786 413488 37822 33001 3941840 1078808 0 239028 1492320
